XML_Motion
rle1,lle1,rle2,lle2,rle3,lle3,rle4,lle4,rle5,lle5,rle6,lle6
pose1,0,0,7,-7,55,55,-60,-60,30,30,-7,7
pose2,0,0,7,-7,65,55,-80,-60,40,30,-7,7
pose2,0,0,7,-7,65,55,-80,-60,40,30,-7,7
pose2,0,0,7,-7,65,55,-80,-60,40,30,-7,7
pose2,0,0,7,-7,65,55,-80,-60,40,30,-7,7
pose3,0,0,7,-7,55,45,-60,-70,30,40,-7,7
pose3,0,0,7,-7,55,45,-60,-70,30,40,-7,7
pose3,0,0,7,-7,55,45,-60,-70,30,40,-7,7
pose3,0,0,7,-7,55,45,-60,-70,30,40,-7,7
pose4,0,0,7,-7,55,65,-60,-80,30,40,-7,7
pose4,0,0,7,-7,55,65,-60,-80,30,40,-7,7
pose4,0,0,7,-7,55,65,-60,-80,30,40,-7,7
pose4,0,0,7,-7,55,65,-60,-80,30,40,-7,7
pose5,0,0,7,-7,45,55,-70,-60,40,30,-7,7
pose5,0,0,7,-7,45,55,-70,-60,40,30,-7,7
pose5,0,0,7,-7,45,55,-70,-60,40,30,-7,7
pose5,0,0,7,-7,45,55,-70,-60,40,30,-7,7
pose2,0,0,7,-7,65,55,-80,-60,40,30,-7,7
pose2,0,0,7,-7,65,55,-80,-60,40,30,-7,7
pose2,0,0,7,-7,65,55,-80,-60,40,30,-7,7
pose2,0,0,7,-7,65,55,-80,-60,40,30,-7,7
pose3,0,0,7,-7,55,45,-60,-70,30,40,-7,7
pose3,0,0,7,-7,55,45,-60,-70,30,40,-7,7
pose3,0,0,7,-7,55,45,-60,-70,30,40,-7,7
pose3,0,0,7,-7,55,45,-60,-70,30,40,-7,7
pose4,0,0,7,-7,55,65,-60,-80,30,40,-7,7
pose4,0,0,7,-7,55,65,-60,-80,30,40,-7,7
pose4,0,0,7,-7,55,65,-60,-80,30,40,-7,7
pose4,0,0,7,-7,55,65,-60,-80,30,40,-7,7
pose5,0,0,7,-7,45,55,-70,-60,40,30,-7,7
pose5,0,0,7,-7,45,55,-70,-60,40,30,-7,7
pose5,0,0,7,-7,45,55,-70,-60,40,30,-7,7
pose5,0,0,7,-7,45,55,-70,-60,40,30,-7,7
pose2,0,0,7,-7,65,55,-80,-60,40,30,-7,7
pose2,0,0,7,-7,65,55,-80,-60,40,30,-7,7
pose2,0,0,7,-7,65,55,-80,-60,40,30,-7,7
pose2,0,0,7,-7,65,55,-80,-60,40,30,-7,7
pose3,0,0,7,-7,55,45,-60,-70,30,40,-7,7
pose3,0,0,7,-7,55,45,-60,-70,30,40,-7,7
pose3,0,0,7,-7,55,45,-60,-70,30,40,-7,7
pose3,0,0,7,-7,55,45,-60,-70,30,40,-7,7
pose4,0,0,7,-7,55,65,-60,-80,30,40,-7,7
pose4,0,0,7,-7,55,65,-60,-80,30,40,-7,7
pose4,0,0,7,-7,55,65,-60,-80,30,40,-7,7
pose4,0,0,7,-7,55,65,-60,-80,30,40,-7,7
pose5,0,0,7,-7,45,55,-70,-60,40,30,-7,7
pose5,0,0,7,-7,45,55,-70,-60,40,30,-7,7
pose5,0,0,7,-7,45,55,-70,-60,40,30,-7,7
pose5,0,0,7,-7,45,55,-70,-60,40,30,-7,7
pose2,0,0,7,-7,65,55,-80,-60,40,30,-7,7
pose2,0,0,7,-7,65,55,-80,-60,40,30,-7,7
pose2,0,0,7,-7,65,55,-80,-60,40,30,-7,7
pose2,0,0,7,-7,65,55,-80,-60,40,30,-7,7
pose3,0,0,7,-7,55,45,-60,-70,30,40,-7,7
pose3,0,0,7,-7,55,45,-60,-70,30,40,-7,7
pose3,0,0,7,-7,55,45,-60,-70,30,40,-7,7
pose3,0,0,7,-7,55,45,-60,-70,30,40,-7,7
pose4,0,0,7,-7,55,65,-60,-80,30,40,-7,7
pose4,0,0,7,-7,55,65,-60,-80,30,40,-7,7
pose4,0,0,7,-7,55,65,-60,-80,30,40,-7,7
pose4,0,0,7,-7,55,65,-60,-80,30,40,-7,7
pose5,0,0,7,-7,45,55,-70,-60,40,30,-7,7
pose5,0,0,7,-7,45,55,-70,-60,40,30,-7,7
pose5,0,0,7,-7,45,55,-70,-60,40,30,-7,7
pose5,0,0,7,-7,45,55,-70,-60,40,30,-7,7
pose2,0,0,7,-7,65,55,-80,-60,40,30,-7,7
pose2,0,0,7,-7,65,55,-80,-60,40,30,-7,7
pose2,0,0,7,-7,65,55,-80,-60,40,30,-7,7
pose2,0,0,7,-7,65,55,-80,-60,40,30,-7,7
pose3,0,0,7,-7,55,45,-60,-70,30,40,-7,7
pose3,0,0,7,-7,55,45,-60,-70,30,40,-7,7
pose3,0,0,7,-7,55,45,-60,-70,30,40,-7,7
pose3,0,0,7,-7,55,45,-60,-70,30,40,-7,7
pose4,0,0,7,-7,55,65,-60,-80,30,40,-7,7
pose4,0,0,7,-7,55,65,-60,-80,30,40,-7,7
pose4,0,0,7,-7,55,65,-60,-80,30,40,-7,7
pose4,0,0,7,-7,55,65,-60,-80,30,40,-7,7
pose5,0,0,7,-7,45,55,-70,-60,40,30,-7,7
pose5,0,0,7,-7,45,55,-70,-60,40,30,-7,7
pose5,0,0,7,-7,45,55,-70,-60,40,30,-7,7
pose5,0,0,7,-7,45,55,-70,-60,40,30,-7,7
pose2,0,0,7,-7,65,55,-80,-60,40,30,-7,7
pose2,0,0,7,-7,65,55,-80,-60,40,30,-7,7
pose2,0,0,7,-7,65,55,-80,-60,40,30,-7,7
pose2,0,0,7,-7,65,55,-80,-60,40,30,-7,7
pose3,0,0,7,-7,55,45,-60,-70,30,40,-7,7
pose3,0,0,7,-7,55,45,-60,-70,30,40,-7,7
pose3,0,0,7,-7,55,45,-60,-70,30,40,-7,7
pose3,0,0,7,-7,55,45,-60,-70,30,40,-7,7
pose4,0,0,7,-7,55,65,-60,-80,30,40,-7,7
pose4,0,0,7,-7,55,65,-60,-80,30,40,-7,7
pose4,0,0,7,-7,55,65,-60,-80,30,40,-7,7
pose4,0,0,7,-7,55,65,-60,-80,30,40,-7,7
pose5,0,0,7,-7,45,55,-70,-60,40,30,-7,7
pose5,0,0,7,-7,45,55,-70,-60,40,30,-7,7
pose5,0,0,7,-7,45,55,-70,-60,40,30,-7,7
pose5,0,0,7,-7,45,55,-70,-60,40,30,-7,7
pose2,0,0,7,-7,65,55,-80,-60,40,30,-7,7
pose2,0,0,7,-7,65,55,-80,-60,40,30,-7,7
pose2,0,0,7,-7,65,55,-80,-60,40,30,-7,7
pose2,0,0,7,-7,65,55,-80,-60,40,30,-7,7
pose3,0,0,7,-7,55,45,-60,-70,30,40,-7,7
pose3,0,0,7,-7,55,45,-60,-70,30,40,-7,7
pose3,0,0,7,-7,55,45,-60,-70,30,40,-7,7
pose3,0,0,7,-7,55,45,-60,-70,30,40,-7,7
pose4,0,0,7,-7,55,65,-60,-80,30,40,-7,7
pose4,0,0,7,-7,55,65,-60,-80,30,40,-7,7
pose4,0,0,7,-7,55,65,-60,-80,30,40,-7,7
pose4,0,0,7,-7,55,65,-60,-80,30,40,-7,7
pose5,0,0,7,-7,45,55,-70,-60,40,30,-7,7
pose5,0,0,7,-7,45,55,-70,-60,40,30,-7,7
pose5,0,0,7,-7,45,55,-70,-60,40,30,-7,7
pose5,0,0,7,-7,45,55,-70,-60,40,30,-7,7
pose2,0,0,7,-7,65,55,-80,-60,40,30,-7,7
pose2,0,0,7,-7,65,55,-80,-60,40,30,-7,7
pose2,0,0,7,-7,65,55,-80,-60,40,30,-7,7
pose2,0,0,7,-7,65,55,-80,-60,40,30,-7,7
pose3,0,0,7,-7,55,45,-60,-70,30,40,-7,7
pose3,0,0,7,-7,55,45,-60,-70,30,40,-7,7
pose3,0,0,7,-7,55,45,-60,-70,30,40,-7,7
pose3,0,0,7,-7,55,45,-60,-70,30,40,-7,7
pose4,0,0,7,-7,55,65,-60,-80,30,40,-7,7
pose4,0,0,7,-7,55,65,-60,-80,30,40,-7,7
pose4,0,0,7,-7,55,65,-60,-80,30,40,-7,7
pose4,0,0,7,-7,55,65,-60,-80,30,40,-7,7
pose5,0,0,7,-7,45,55,-70,-60,40,30,-7,7
pose5,0,0,7,-7,45,55,-70,-60,40,30,-7,7
pose5,0,0,7,-7,45,55,-70,-60,40,30,-7,7
pose5,0,0,7,-7,45,55,-70,-60,40,30,-7,7
pose2,0,0,7,-7,65,55,-80,-60,40,30,-7,7
pose2,0,0,7,-7,65,55,-80,-60,40,30,-7,7
pose2,0,0,7,-7,65,55,-80,-60,40,30,-7,7
pose2,0,0,7,-7,65,55,-80,-60,40,30,-7,7
pose3,0,0,7,-7,55,45,-60,-70,30,40,-7,7
pose3,0,0,7,-7,55,45,-60,-70,30,40,-7,7
pose3,0,0,7,-7,55,45,-60,-70,30,40,-7,7
pose3,0,0,7,-7,55,45,-60,-70,30,40,-7,7
pose4,0,0,7,-7,55,65,-60,-80,30,40,-7,7
pose4,0,0,7,-7,55,65,-60,-80,30,40,-7,7
pose4,0,0,7,-7,55,65,-60,-80,30,40,-7,7
pose4,0,0,7,-7,55,65,-60,-80,30,40,-7,7
pose5,0,0,7,-7,45,55,-70,-60,40,30,-7,7
pose5,0,0,7,-7,45,55,-70,-60,40,30,-7,7
pose5,0,0,7,-7,45,55,-70,-60,40,30,-7,7
pose5,0,0,7,-7,45,55,-70,-60,40,30,-7,7
pose2,0,0,7,-7,65,55,-80,-60,40,30,-7,7
pose2,0,0,7,-7,65,55,-80,-60,40,30,-7,7
pose2,0,0,7,-7,65,55,-80,-60,40,30,-7,7
pose2,0,0,7,-7,65,55,-80,-60,40,30,-7,7
pose3,0,0,7,-7,55,45,-60,-70,30,40,-7,7
pose3,0,0,7,-7,55,45,-60,-70,30,40,-7,7
pose3,0,0,7,-7,55,45,-60,-70,30,40,-7,7
pose3,0,0,7,-7,55,45,-60,-70,30,40,-7,7
pose4,0,0,7,-7,55,65,-60,-80,30,40,-7,7
pose4,0,0,7,-7,55,65,-60,-80,30,40,-7,7
pose4,0,0,7,-7,55,65,-60,-80,30,40,-7,7
pose4,0,0,7,-7,55,65,-60,-80,30,40,-7,7
pose5,0,0,7,-7,45,55,-70,-60,40,30,-7,7
pose5,0,0,7,-7,45,55,-70,-60,40,30,-7,7
pose5,0,0,7,-7,45,55,-70,-60,40,30,-7,7
pose5,0,0,7,-7,45,55,-70,-60,40,30,-7,7
pose2,0,0,7,-7,65,55,-80,-60,40,30,-7,7
pose2,0,0,7,-7,65,55,-80,-60,40,30,-7,7
pose2,0,0,7,-7,65,55,-80,-60,40,30,-7,7
pose2,0,0,7,-7,65,55,-80,-60,40,30,-7,7
pose3,0,0,7,-7,55,45,-60,-70,30,40,-7,7
pose3,0,0,7,-7,55,45,-60,-70,30,40,-7,7
pose3,0,0,7,-7,55,45,-60,-70,30,40,-7,7
pose3,0,0,7,-7,55,45,-60,-70,30,40,-7,7
pose4,0,0,7,-7,55,65,-60,-80,30,40,-7,7
pose4,0,0,7,-7,55,65,-60,-80,30,40,-7,7
pose4,0,0,7,-7,55,65,-60,-80,30,40,-7,7
pose4,0,0,7,-7,55,65,-60,-80,30,40,-7,7
pose5,0,0,7,-7,45,55,-70,-60,40,30,-7,7
pose5,0,0,7,-7,45,55,-70,-60,40,30,-7,7
pose5,0,0,7,-7,45,55,-70,-60,40,30,-7,7
pose5,0,0,7,-7,45,55,-70,-60,40,30,-7,7
pose2,0,0,7,-7,65,55,-80,-60,40,30,-7,7
pose2,0,0,7,-7,65,55,-80,-60,40,30,-7,7
pose2,0,0,7,-7,65,55,-80,-60,40,30,-7,7
pose2,0,0,7,-7,65,55,-80,-60,40,30,-7,7
pose3,0,0,7,-7,55,45,-60,-70,30,40,-7,7
pose3,0,0,7,-7,55,45,-60,-70,30,40,-7,7
pose3,0,0,7,-7,55,45,-60,-70,30,40,-7,7
pose3,0,0,7,-7,55,45,-60,-70,30,40,-7,7
pose4,0,0,7,-7,55,65,-60,-80,30,40,-7,7
pose4,0,0,7,-7,55,65,-60,-80,30,40,-7,7
pose4,0,0,7,-7,55,65,-60,-80,30,40,-7,7
pose4,0,0,7,-7,55,65,-60,-80,30,40,-7,7
pose5,0,0,7,-7,45,55,-70,-60,40,30,-7,7
pose5,0,0,7,-7,45,55,-70,-60,40,30,-7,7
pose5,0,0,7,-7,45,55,-70,-60,40,30,-7,7
pose5,0,0,7,-7,45,55,-70,-60,40,30,-7,7
pose2,0,0,7,-7,65,55,-80,-60,40,30,-7,7
pose2,0,0,7,-7,65,55,-80,-60,40,30,-7,7
pose2,0,0,7,-7,65,55,-80,-60,40,30,-7,7
pose2,0,0,7,-7,65,55,-80,-60,40,30,-7,7
pose3,0,0,7,-7,55,45,-60,-70,30,40,-7,7
pose3,0,0,7,-7,55,45,-60,-70,30,40,-7,7
pose3,0,0,7,-7,55,45,-60,-70,30,40,-7,7
pose3,0,0,7,-7,55,45,-60,-70,30,40,-7,7
pose4,0,0,7,-7,55,65,-60,-80,30,40,-7,7
pose4,0,0,7,-7,55,65,-60,-80,30,40,-7,7
pose4,0,0,7,-7,55,65,-60,-80,30,40,-7,7
pose4,0,0,7,-7,55,65,-60,-80,30,40,-7,7
pose5,0,0,7,-7,45,55,-70,-60,40,30,-7,7
pose5,0,0,7,-7,45,55,-70,-60,40,30,-7,7
pose5,0,0,7,-7,45,55,-70,-60,40,30,-7,7
pose5,0,0,7,-7,45,55,-70,-60,40,30,-7,7
pose2,0,0,7,-7,65,55,-80,-60,40,30,-7,7
pose2,0,0,7,-7,65,55,-80,-60,40,30,-7,7
pose2,0,0,7,-7,65,55,-80,-60,40,30,-7,7
pose2,0,0,7,-7,65,55,-80,-60,40,30,-7,7
pose3,0,0,7,-7,55,45,-60,-70,30,40,-7,7
pose3,0,0,7,-7,55,45,-60,-70,30,40,-7,7
pose3,0,0,7,-7,55,45,-60,-70,30,40,-7,7
pose3,0,0,7,-7,55,45,-60,-70,30,40,-7,7
pose4,0,0,7,-7,55,65,-60,-80,30,40,-7,7
pose4,0,0,7,-7,55,65,-60,-80,30,40,-7,7
pose4,0,0,7,-7,55,65,-60,-80,30,40,-7,7
pose4,0,0,7,-7,55,65,-60,-80,30,40,-7,7
pose5,0,0,7,-7,45,55,-70,-60,40,30,-7,7
pose5,0,0,7,-7,45,55,-70,-60,40,30,-7,7
pose5,0,0,7,-7,45,55,-70,-60,40,30,-7,7
pose5,0,0,7,-7,45,55,-70,-60,40,30,-7,7